
(0, 1) (1, 1) (1, 0) (0, 0) : True
(2, 4) (4, 4) (4, 2) (1, 1) : True
(4, 5) (1, 5) (2, 4) (1, 5) : False ERROR: a doubled point (1, 5)
(0.4545, 5.4545) (5.533, 0.134) (5.43, 3.434) (4.546, 6.55) : False
(3, 0) (6, 1) (5, 4) (2, 3) : True
(3.564, 0) (6.564, 1) (5.564, 4) (2.564, 3) : True
(3.564, 1000) (6.564, 1001) (5.564, 1004) (2.564, 1003) : True
(3.564, 0) (6.564, 1000) (5.564, 4000) (2.564, 3000) : False
(423, 423423) (24, 2234) (234, 32234) (2234, 2) : False
(3.564, 0) (6.564, 1000) (5.564, 4000) (2.564, 3000) : False
(0, 0) (0, 0) (0, 0) (0, 0) : False ERROR: a doubled point (0, 0)